********************************************
******* To be Used in Gadget EOS ***********
********************************************
UnitMass_in_g =  1.9890000000000002e+34
UnitRadius_in_cm =  6.958465397888282e+17
unitVelocity =  43672.48212128877
UnitDensity_in_cgs =  5.903293380000827e-20
Unit_P_in_cgs =  1.1259267014904865e-10
unitTime_in_Myr =  0.5048956502329867
********************************************

c_0 = 35063.4
rho_0 = 2.72e-20
